$SPEC_ID:
No sample description was entered.
$SPEC_REM:
DET# 1
DETDESC# TL-225B-01 MCB 132
AP# Maestro Version 6.08
$DATE_MEA:
02/22/2019 12:31:22
$MEAS_TIM:
256 300
$DATA:
0 2047
       0
       0
       0
       0
       4
     439
    8873
    4143
    5358
    6720
    8622
   11664
   15196
   20630
   28188
   41435
   66907
  109501
  161739
  193108
  182227
  137236
   87483
   51521
   30067
   17098
   10538
    8124
    7912
    8913
   10323
   11818
   13086
   14304
   14851
   15114
   15189
   15658
   17221
   18567
   19809
   20686
   20677
   20135
   20242
   21582
   24100
   28923
   35421
   43373
   51444
   57794
   59862
   56450
   47654
   36361
   25797
   17393
   11764
    8614
    7042
    6634
    6479
    6482
    6494
    6870
    7367
    7803
    8373
    9117
    9840
   10705
   10930
   10970
   10740
   10054
    9300
    8008
    7159
    6524
    6164
    5904
    5792
    5751
    5866
    5993
    6284
    6527
    6674
    6804
    7011
    7161
    7378
    7371
    7456
    7264
    7322
    7350
    7076
    7139
    6983
    6711
    6513
    6307
    6253
    6018
    5846
    5722
    5626
    5505
    5338
    5403
    5117
    5218
    5185
    5041
    4885
    4847
    4635
    4585
    4573
    4353
    4376
    4191
    4045
    3820
    3760
    3650
    3693
    3518
    3601
    3436
    3486
    3346
    3274
    3257
    3241
    3124
    3066
    2951
    2888
    2952
    2882
    2778
    2735
    2729
    2775
    2785
    2681
    2758
    2866
    3104
    3155
    3327
    3522
    3749
    4116
    4364
    4588
    4979
    5301
    5541
    5785
    6058
    6385
    6541
    6917
    7305
    7414
    7774
    8172
    8386
    8935
    9253
    9414
   10015
   10310
   10552
   10724
   10821
   10988
   10579
   10440
   10162
    9618
    9207
    8886
    8186
    8050
    7859
    7701
    7517
    7913
    8335
    8797
    9769
   10757
   11965
   13043
   14636
   16245
   17853
   19131
   20891
   22541
   23948
   25024
   26195
   26805
   27464
   27565
   27326
   26869
   26066
   25279
   23986
   22733
   21259
   19898
   18683
   17405
   16207
   15091
   14202
   13456
   12940
   12105
   11610
   11116
   10769
   10398
    9934
    9502
    9034
    8544
    7919
    7357
    6936
    6370
    5870
    5313
    5001
    4541
    4143
    4047
    3747
    3516
    3381
    3336
    3226
    3173
    3177
    3140
    3249
    3250
    3182
    3251
    3225
    3379
    3234
    3274
    3254
    3103
    3084
    2933
    2910
    2749
    2528
    2448
    2222
    2175
    1954
    1761
    1635
    1528
    1441
    1291
    1214
    1066
    1059
     922
     864
     814
     834
     812
     791
     760
     732
     680
     666
     651
     602
     564
     572
     568
     473
     493
     495
     475
     499
     455
     455
     469
     425
     416
     387
     401
     406
     377
     344
     345
     395
     369
     354
     330
     304
     303
     304
     321
     330
     307
     289
     278
     298
     282
     313
     294
     280
     280
     271
     286
     302
     251
     273
     265
     271
     296
     266
     284
     248
     291
     272
     243
     270
     257
     253
     259
     252
     269
     256
     270
     279
     279
     231
     260
     238
     282
     225
     277
     251
     264
     263
     254
     277
     252
     294
     270
     283
     267
     248
     268
     261
     299
     264
     274
     285
     288
     272
     287
     285
     268
     279
     288
     270
     291
     254
     276
     247
     246
     261
     227
     286
     243
     232
     253
     233
     243
     236
     218
     209
     209
     195
     212
     205
     174
     186
     206
     183
     174
     170
     188
     186
     217
     173
     180
     176
     149
     175
     160
     166
     175
     152
     148
     165
     150
     150
     150
     153
     138
     146
     141
     125
     136
     134
     120
     125
     119
     131
     106
     105
      98
     109
     114
     102
     115
     118
      96
     101
     100
      93
     102
      91
      95
      97
     104
      90
     107
      69
      84
     100
      92
      90
      85
      83
      86
      69
      92
      76
      79
      92
      86
      66
      81
      82
      76
      81
      79
      68
      66
      80
      75
      70
      81
      58
      82
      61
      47
      63
      74
      64
      60
      70
      67
      65
      68
      54
      53
      55
      56
      46
      54
      58
      64
      59
      63
      49
      52
      63
      65
      56
      48
      57
      62
      49
      62
      58
      42
      43
      53
      47
      43
      49
      52
      45
      47
      48
      35
      46
      51
      44
      48
      53
      47
      46
      57
      48
      37
      51
      47
      43
      44
      40
      40
      42
      52
      45
      46
      43
      39
      41
      39
      33
      44
      45
      46
      38
      37
      48
      41
      37
      39
      40
      50
      43
      43
      42
      43
      42
      40
      38
      44
      35
      28
      41
      37
      36
      40
      28
      45
      34
      38
      39
      31
      35
      42
      33
      33
      34
      29
      28
      32
      41
      31
      39
      36
      36
      40
      42
      43
      34
      43
      28
      37
      39
      34
      29
      37
      39
      32
      32
      42
      33
      34
      34
      32
      44
      45
      39
      30
      33
      36
      43
      47
      37
      39
      47
      32
      54
      52
      37
      53
      43
      31
      40
      36
      54
      43
      46
      38
      41
      49
      37
      46
      54
      38
      49
      50
      42
      49
      54
      56
      44
      41
      41
      44
      46
      53
      37
      42
      50
      57
      37
      53
      52
      46
      38
      46
      41
      38
      41
      36
      28
      51
      39
      38
      39
      38
      62
      36
      35
      32
      33
      39
      22
      44
      31
      29
      21
      37
      39
      29
      29
      26
      40
      36
      38
      37
      32
      31
      31
      31
      27
      34
      33
      28
      31
      35
      40
      40
      38
      40
      36
      32
      39
      36
      39
      46
      39
      47
      42
      49
      40
      46
      35
      46
      47
      36
      41
      43
      43
      44
      44
      36
      32
      33
      51
      46
      37
      43
      28
      32
      32
      36
      35
      40
      38
      39
      28
      34
      36
      35
      41
      32
      22
      30
      34
      34
      28
      22
      34
      27
      28
      32
      17
      24
      24
      24
      21
      29
      28
      18
      18
      22
      22
      25
      22
      25
      22
      24
      12
      14
      23
      16
      16
      27
      20
      22
      26
      26
      19
      29
      20
      33
      29
      31
      24
      31
      35
      25
      29
      25
      41
      31
      26
      49
      37
      17
      29
      32
      29
      28
      38
      28
      24
      25
      25
      33
      32
      37
      24
      32
      34
      29
      26
      29
      23
      26
      28
      24
      25
      15
      19
      26
      16
      23
      16
      16
      23
      20
      20
      12
      11
      10
      17
      17
      18
      15
      11
      15
      11
       8
      13
       9
       8
       9
      10
      12
       9
       6
      10
       8
       8
      20
      20
       5
       8
       6
       8
       6
      10
      15
       9
       9
       6
       7
       6
       9
       6
       8
       9
      14
      13
       5
      13
       5
      13
       8
       3
       8
       6
       6
       9
       7
       9
       6
       9
      11
       7
       7
       8
      11
       7
       8
      11
      10
       5
       7
       9
       7
       8
       9
       6
       8
       7
       5
       5
       4
       3
       8
       3
       7
       7
       2
       7
       1
       7
       3
       7
       9
       9
       8
       4
       8
      13
      12
      11
       7
       7
      13
       6
       7
      10
       7
      11
      10
      11
       9
       5
       9
       9
      10
      10
       6
       9
       7
       7
       8
       7
       8
      13
       8
       8
      10
       9
       9
       8
       8
       7
      14
       5
      13
      12
      12
       6
       9
      10
       5
       7
       9
       9
      16
       8
       6
      10
      10
      10
       2
       7
       5
       9
       5
       8
       2
       7
       5
       6
      10
      11
       6
       5
      11
       6
      13
       5
       6
       5
       4
       5
       4
       4
       5
       5
       5
       4
       5
       7
       4
       2
       3
       3
       4
       5
       4
       3
       5
       4
       7
       1
       3
       7
       4
       4
       4
       6
       2
       5
       4
       4
       5
       2
       3
       2
       8
       2
       5
       5
       4
       3
       4
       5
       4
       5
       6
       4
       3
       4
       6
       6
       7
       3
       2
       6
       4
       2
       3
       0
       4
       6
       4
       5
       1
       2
       3
       6
       3
       5
       5
       6
       6
       5
       3
       3
       7
       4
       4
       4
       2
       2
       1
       3
       3
       6
       5
       4
       3
       2
       3
       4
       2
       6
       2
       4
       3
       5
       7
       3
       2
       6
       1
       4
       6
       3
       5
       6
       5
       5
       2
       6
       5
       4
       4
       4
       6
       1
       4
       3
       1
       5
       3
       4
       3
       1
       5
       2
       6
       7
       4
       5
       4
       4
       3
       6
       0
       1
       7
       3
       4
       4
       4
       5
       9
       6
       5
       7
       6
       8
       3
       4
       4
       3
       6
       5
       5
      11
       5
       4
       3
       8
       7
       7
       5
       7
       3
       0
       5
       5
       1
       4
       5
       6
       8
       4
       7
       3
      14
       8
       4
       6
       4
       5
       4
       1
       2
       2
      10
       3
       5
       5
       4
       5
       7
       3
       7
       5
       3
       5
       5
      13
       4
       6
       6
       4
       8
       4
       7
       3
       6
       2
       1
       4
       6
       5
       5
       4
       8
       0
       4
       5
       1
       3
       2
       4
       7
       1
       4
       1
       5
       6
       2
       4
       5
       5
       4
       7
       6
       3
       2
       4
       3
       2
       1
       3
       3
       5
       1
       1
       4
       4
       2
       2
       1
       0
       5
       1
       2
       3
       2
       7
       1
       2
       1
       2
       3
       8
       8
       1
       2
       3
       3
       2
       2
       3
       1
       7
       1
       2
       1
       3
       2
       3
       3
       4
       1
       3
       2
       4
       3
       6
       3
       1
       3
       1
       5
       1
       1
       3
       4
       3
       1
       4
       3
       3
       0
       1
       5
       1
       3
       3
       2
       0
       3
       1
       1
       2
       2
       4
       1
       1
       0
       5
       1
       4
       2
       1
       1
       5
       3
       6
       2
       4
       2
       2
       0
       0
       2
       0
       2
       1
       2
       2
       4
       2
       1
       2
       0
       2
       4
       1
       5
       3
       3
       4
       1
       2
       1
       2
       3
       0
       1
       4
       4
       1
       4
       1
       7
       2
       2
       3
       2
       2
       1
       4
       2
       3
       4
       3
       5
       0
       7
       5
       5
       3
       3
       2
       1
       5
       5
       3
       3
       3
       3
       6
       5
       5
       1
       6
       5
       3
       6
       3
       2
       1
       1
       5
       7
       6
       4
       4
       9
       6
       4
       5
       3
       4
       0
       4
       3
       3
       0
       2
       3
       3
       3
       4
       4
       1
       2
       5
       3
       3
       4
       1
       3
       7
       2
       3
       2
       2
       4
       2
       5
       2
       1
       1
       3
       0
       3
       1
       2
       1
       3
       1
       2
       1
       0
       4
       3
       3
       1
       0
       1
       2
       2
       2
       2
       1
       2
       1
       1
       2
       1
       0
       0
       3
       0
       1
       0
       0
       0
       2
       2
       1
       4
       1
       2
       3
       0
       0
       2
       0
       0
       4
       2
       0
       1
       2
       2
       2
       0
       2
       1
       1
       0
       4
       1
       3
       0
       1
       2
       3
       0
       0
       1
       0
       0
       2
       2
       3
       0
       2
       2
       0
       1
       1
       0
       2
       0
       1
       1
       2
       3
       1
       1
       2
       1
       4
       0
       1
       3
       2
       0
       1
       3
       2
       1
       2
       0
       2
       0
       1
       1
       2
       2
       0
       2
       1
       3
       1
       2
       0
       0
       2
       0
       0
       1
       1
       2
       3
       1
       1
       1
       1
       0
       3
       0
       1
       0
       1
       1
       3
       1
       4
       1
       1
       1
       3
       1
       3
       0
       2
       0
       1
       0
       0
       1
       2
       0
       2
       3
       0
       3
       3
       1
       3
       0
       2
       1
       4
       1
       0
       0
       0
       2
       1
       0
       0
       3
       1
       1
       0
       4
       1
       0
       0
       0
       1
       2
       0
       0
       1
       1
       1
       0
       5
       1
       1
       0
       0
       1
       0
       0
       0
       2
       3
       5
       1
       0
       0
       3
       0
       1
       0
       0
       2
       1
       0
       2
       1
       0
       1
       0
       1
       0
       2
       0
       1
       0
       2
       1
       1
       2
       1
       0
       0
       1
       1
       2
       1
       0
       0
       0
       0
       0
       1
       4
       2
       1
       2
       1
       0
       1
       1
       3
       1
       2
       0
       1
       1
       1
       1
       2
       0
       0
       1
       2
       2
       0
       1
       0
       2
       1
       1
       2
       0
       0
       1
       1
       2
       1
       1
       0
       1
       2
       1
       1
       1
       1
       2
       0
       2
       1
       1
       1
       1
       0
       0
       0
       1
       1
       0
       3
       2
       0
       0
       1
       1
       5
       2
       1
       1
       1
       3
       3
       0
       0
       2
       0
       2
       2
       1
       1
       0
       0
       1
       0
       2
       2
       3
       2
       1
       2
       2
       2
       2
       1
       1
       1
       0
       1
       1
       0
       1
       2
       1
       1
       1
       0
       0
       4
       1
       1
       1
       0
       1
       0
       3
       0
       3
       0
       0
       0
       3
       1
       2
       4
       1
       1
       1
       0
       2
       0
       3
       5
       1
       0
       2
       1
       1
       0
       1
       1
       2
       3
       2
       0
       3
       1
       3
       1
       2
       1
       2
       4
       1
       1
       2
       2
       0
       1
       1
       1
       0
       3
       0
       2
       2
       2
       2
       1
       5
       0
       2
       0
       0
       0
       1
       3
       2
       1
       2
       2
       0
       3
       2
       1
       0
       0
       1
       2
       1
       0
       1
       3
       1
       1
       1
       1
       3
       0
       1
       1
       2
       2
       1
       1
       0
       1
       0
       1
       1
       0
       1
       1
       1
       0
       1
       2
       3
       0
       0
       2
       3
       4
       0
       1
       1
       1
       1
       2
       1
       3
       0
       3
       0
       1
       1
       2
       0
       1
       1
       0
       1
       2
       1
       4
       0
       2
       1
       1
       1
       1
       1
       0
       0
       2
       2
       1
       2
       3
       2
       1
       1
       1
       0
       0
       0
       0
       2
       1
       1
       1
       0
       0
       2
       1
       0
       1
       1
       2
       4
       2
       1
       1
       1
       1
       1
       1
       1
       0
       3
       0
       1
       2
       0
       2
       6
       3
       0
       0
       1
       1
       1
       1
       0
       2
       2
       2
       0
       0
       1
       3
       2
       4
       0
       0
       1
       0
       3
       0
       0
       1
       2
       4
       0
       1
       1
       0
       0
       0
       0
       0
       0
       0
       0
       0
       0
       0
       0
       0
       0
       0
       0
       0
       0
       0
       0
       0
       0
       0
       0
       0
       0
       0
       0
       0
       0
       0
       0
$ROI:
1
714 776
$PRESETS:
Real Time
300
0
$ENER_FIT:
35.084309 0.339215
$MCA_CAL:
3
3.508431E+001 3.392150E-001 1.737702E-003 KeV
$SHAPE_CAL:
3
0.000000E+000 0.000000E+000 0.000000E+000
