$SPEC_ID:
No sample description was entered.
$SPEC_REM:
DET# 1
DETDESC# TL-225B-01 MCB 132
AP# Maestro Version 6.08
$DATE_MEA:
02/22/2019 13:05:56
$MEAS_TIM:
891 900
$DATA:
0 2047
       0
       0
       0
       0
       1
      58
    1696
     793
     838
     932
     885
     970
    1026
    1030
    1212
    1312
    1493
    1550
    1545
    1603
    1531
    1450
    1567
    1556
    1588
    1671
    1801
    1902
    2062
    2231
    2398
    2533
    2647
    2841
    3022
    3218
    3559
    3687
    3720
    3939
    4047
    4134
    4307
    4556
    4544
    4656
    4609
    4784
    4926
    4924
    4932
    4983
    4923
    4898
    4869
    4788
    4925
    4920
    4774
    4640
    4657
    4593
    4570
    4520
    4428
    4473
    4472
    4400
    4517
    4518
    4313
    4379
    4272
    4278
    4248
    4282
    4144
    4099
    3987
    3896
    3890
    3919
    3690
    3748
    3810
    3620
    3604
    3468
    3439
    3465
    3452
    3389
    3204
    3281
    3205
    3139
    3100
    3009
    3072
    3067
    3003
    2906
    2828
    2885
    2863
    2931
    2851
    2727
    2760
    2683
    2726
    2640
    2685
    2625
    2550
    2581
    2595
    2497
    2450
    2412
    2342
    2423
    2263
    2272
    2268
    2175
    2213
    2171
    2145
    2142
    2110
    2060
    2132
    1981
    2041
    2024
    2045
    2027
    1947
    1963
    1861
    1938
    1896
    1841
    1862
    1756
    1760
    1711
    1778
    1712
    1640
    1605
    1593
    1592
    1509
    1508
    1491
    1494
    1546
    1413
    1435
    1451
    1389
    1335
    1356
    1447
    1371
    1417
    1366
    1384
    1393
    1324
    1334
    1264
    1346
    1251
    1278
    1262
    1268
    1237
    1196
    1130
    1183
    1188
    1101
    1106
    1100
    1144
    1129
    1059
    1126
    1127
    1078
    1031
    1018
    1090
    1054
    1092
    1085
    1141
    1093
    1119
    1083
    1146
    1146
    1120
    1100
    1104
    1089
    1038
    1084
    1045
    1086
    1031
     994
    1017
     888
     938
     883
     831
     837
     810
     788
     793
     770
     706
     791
     711
     748
     744
     735
     686
     715
     681
     690
     672
     686
     655
     617
     611
     663
     657
     642
     625
     607
     623
     603
     671
     544
     591
     591
     583
     591
     637
     616
     631
     633
     546
     600
     576
     611
     599
     592
     594
     587
     589
     576
     549
     598
     608
     600
     589
     632
     610
     653
     663
     624
     689
     724
     697
     706
     754
     736
     794
     794
     859
     872
     859
     827
     895
     898
     935
     962
     928
     975
    1017
    1028
     991
     981
     957
     944
     866
     832
     816
     889
     779
     734
     709
     694
     678
     592
     615
     563
     502
     515
     449
     473
     465
     432
     462
     391
     399
     398
     369
     373
     350
     406
     394
     397
     362
     369
     416
     350
     387
     409
     412
     380
     408
     386
     385
     422
     412
     430
     403
     432
     428
     439
     434
     437
     399
     434
     416
     461
     462
     434
     445
     418
     436
     476
     460
     511
     455
     480
     454
     529
     483
     533
     533
     554
     575
     589
     582
     627
     643
     634
     606
     666
     653
     662
     621
     676
     618
     666
     621
     630
     599
     571
     548
     579
     526
     522
     483
     464
     445
     406
     433
     408
     349
     358
     349
     308
     299
     269
     291
     281
     234
     194
     241
     223
     226
     214
     244
     232
     207
     201
     202
     220
     221
     203
     213
     193
     218
     224
     206
     197
     178
     209
     203
     228
     206
     194
     189
     222
     198
     234
     208
     221
     196
     210
     214
     199
     211
     212
     203
     227
     228
     211
     181
     221
     186
     210
     212
     212
     214
     204
     211
     224
     225
     215
     239
     219
     213
     198
     246
     221
     247
     240
     264
     245
     266
     240
     234
     229
     256
     250
     251
     274
     238
     260
     250
     218
     241
     231
     223
     229
     234
     225
     199
     193
     217
     216
     197
     179
     197
     172
     190
     182
     197
     186
     173
     191
     185
     192
     172
     187
     176
     208
     195
     179
     170
     187
     144
     156
     175
     186
     174
     192
     168
     192
     167
     164
     159
     190
     173
     175
     162
     170
     162
     187
     170
     164
     170
     150
     160
     161
     160
     167
     165
     174
     148
     166
     146
     148
     163
     160
     151
     159
     150
     133
     137
     122
     151
     123
     158
     137
     145
     113
     154
     146
     132
     135
     118
     132
     144
     111
     138
     114
     135
     147
     128
     136
     139
     115
     123
     105
     133
     120
     131
     121
     139
     120
     103
     138
     113
     116
     114
     125
     134
     111
      97
     103
     123
      99
     135
     109
     125
     116
     131
     114
     103
     116
     111
     136
     133
     124
     131
     118
     118
     136
     128
     115
     126
     145
     122
     152
     122
     138
     123
     115
     121
     152
     169
     149
     157
     139
     152
     141
     137
     127
     157
     162
     150
     167
     186
     183
     160
     176
     155
     175
     170
     178
     165
     166
     168
     180
     170
     185
     177
     192
     198
     165
     210
     203
     188
     177
     199
     195
     211
     189
     185
     213
     168
     178
     195
     194
     171
     173
     190
     163
     159
     144
     165
     153
     146
     140
     157
     160
     131
     155
     131
     157
     131
     142
     141
     147
     137
     140
     130
     118
     134
     121
     148
     125
     161
     125
     151
     137
     172
     175
     168
     126
     156
     155
     168
     165
     180
     164
     182
     190
     165
     190
     191
     174
     172
     169
     183
     184
     205
     170
     181
     208
     166
     180
     171
     190
     179
     203
     203
     187
     191
     163
     200
     181
     184
     185
     170
     169
     147
     162
     190
     169
     169
     165
     161
     163
     150
     153
     143
     148
     130
     129
     132
     129
     130
     119
      96
     117
     110
      97
      87
      90
     120
     101
     101
     105
      75
      98
      95
      84
      84
      94
      91
      80
      79
      85
      70
      78
      64
      76
      72
      73
      68
      51
      74
      91
      59
      76
      82
      69
     106
      75
      72
      73
      84
      87
      91
      89
      72
      83
      71
      76
     101
     112
     106
      86
     114
     105
     105
      77
     106
      90
      96
     121
     118
      88
     112
     108
      93
      96
      80
      82
      81
      91
      68
     101
      77
      67
      73
      78
      72
      43
      76
      71
      57
      50
      66
      71
      50
      54
      62
      46
      48
      43
      41
      40
      43
      39
      26
      35
      29
      35
      21
      39
      32
      32
      29
      37
      33
      24
      31
      29
      35
      29
      26
      25
      31
      21
      32
      31
      28
      24
      14
      27
      25
      22
      25
      18
      19
      22
      19
      26
      14
      34
      24
      20
      21
      32
      20
      26
      26
      14
      22
      22
      22
      25
      12
      21
      18
      29
      26
      21
      15
      26
      27
      24
      18
      23
      25
      19
      24
      25
      22
      38
      15
      18
      16
      26
      22
      12
      20
      25
      12
      16
      21
      20
      17
      16
      25
      22
      21
      27
      16
      26
      23
      28
      13
      24
      23
      22
      21
      24
      22
      22
      26
      17
      36
      20
      14
      18
      22
      24
      24
      26
      22
      32
      25
      29
      26
      20
      26
      17
      33
      20
      31
      32
      26
      32
      26
      22
      30
      33
      20
      28
      23
      23
      34
      32
      33
      27
      18
      27
      28
      28
      29
      32
      23
      29
      27
      22
      20
      16
      28
      24
      21
      20
      24
      18
      28
      14
      24
      18
      24
      15
      22
      22
      21
      21
      18
      17
      13
      29
      20
      16
      17
      18
      13
      14
      16
      18
      22
      14
      13
      19
      17
      16
      15
      14
      13
       7
      12
      15
      19
      10
      12
      13
      12
      15
      17
      10
      16
      18
      16
      16
      13
      12
      11
      16
      11
      17
      15
      10
      10
      16
      12
      12
      23
      16
      14
      16
      11
       9
      11
      13
      16
      20
      19
      13
      13
       9
      20
      14
      15
      10
       9
      15
      18
      13
      11
      12
       8
      11
      14
      13
      12
       8
      12
      16
      10
      12
      10
      10
      12
      17
       9
      14
       7
      11
      12
      10
      12
      11
       9
      13
       8
       8
      10
       8
      13
      10
       7
       7
      14
      20
       7
      15
      10
       7
       7
      14
      16
      14
      18
       9
      13
      16
      13
       7
      18
      14
      15
       4
      11
       8
      12
      11
      24
      17
      13
      12
      16
      12
       7
      10
      10
      15
       9
      14
      12
      13
      14
      14
      14
      10
       7
       9
      10
       9
      14
      13
      17
       9
      16
      12
      11
      10
       6
      13
      13
       6
      13
      11
      13
      18
      19
      15
      21
      11
      17
      14
       9
       9
       8
      21
      23
      21
      16
      10
      16
      16
      12
      20
      13
      12
      14
       9
      17
      15
      25
      18
      18
      23
      16
      14
      19
      13
      15
      18
      19
      16
       7
      15
      16
      22
      21
      16
      14
      19
      16
      15
      14
      19
      12
      12
      15
      12
      20
      13
      18
      12
       8
      16
      12
      14
      11
      15
      18
      15
       9
      15
       6
      12
      12
      15
      13
      13
      11
      12
      10
       8
      13
      16
      13
       8
      10
       8
      10
       7
      13
       7
       7
      10
      10
       4
       9
      13
      10
       7
      12
       9
      15
       7
       9
       9
      13
      11
      10
       7
      14
      14
       6
       7
       8
       9
       6
       8
       5
       5
      10
       4
       9
      11
       3
       5
       6
       8
       6
       4
      12
       8
       8
       5
      14
       7
       8
       7
       6
      16
      11
       5
       8
       8
       4
       7
       6
       8
       7
       5
       5
       5
       4
       4
       6
       9
       7
       5
       7
       8
       9
       4
      12
      12
       6
      12
       3
       6
       4
       4
       8
       8
       4
       3
       5
       6
       5
       7
      12
       3
       9
       4
       5
       7
      10
       7
       9
       5
       3
       5
       9
       4
       5
      14
       4
       5
       2
       8
       6
       9
       7
       7
       7
       8
       6
      11
       5
       6
      16
      15
       7
      10
      11
       9
       8
       9
      10
       5
       9
       8
       6
      12
      12
      16
       8
      11
       9
      14
      15
      19
      17
      13
      20
      14
      15
       7
      11
      10
      12
      16
      10
      10
      10
      17
      10
      17
      14
       8
      16
      11
      10
      14
      12
      10
      18
      20
      17
      19
      19
      10
      15
      13
       7
       6
      15
      15
       9
      11
       7
      16
       9
       6
       7
      10
       9
       8
       8
       8
       9
      12
       5
       9
       6
      11
       9
      11
      16
       5
      10
       7
      11
       5
      10
       7
       7
       7
       3
       7
       4
       8
       6
       7
       6
       2
       9
       6
       9
       7
       2
       5
       3
       6
       7
       6
       3
       5
       7
       0
       3
       4
       3
       3
       3
       2
       6
       3
       4
       4
       4
       4
       7
       4
       2
       4
       3
       8
       3
       4
       6
       5
       3
       4
       2
       5
       8
       2
       1
       7
       2
       5
       5
       1
       3
       5
       3
       4
       3
       6
       4
       2
       4
       4
       3
       3
       7
       1
       2
       4
       2
       4
       4
       3
       6
       1
       5
       2
       3
       3
       6
       4
       3
       5
       1
       1
       5
       2
       3
       3
       4
       4
       7
      10
       6
       8
       4
       4
       5
       3
       5
       3
       5
       5
       9
       3
       8
       6
       4
       7
       2
       1
       4
       6
       2
       4
       6
       2
       5
       1
       5
       2
       4
       4
       3
       6
       4
       5
       3
       2
       4
       2
       4
       3
       1
       0
       4
       4
       5
       3
       6
       1
       3
       3
       6
       0
       4
       3
       3
       3
       5
       4
       5
       8
       5
       2
       1
       5
       4
       4
       4
       7
       2
       1
       5
       8
       6
       4
       2
       5
       4
       3
       2
       3
       2
       5
       4
       8
       3
       4
       4
       6
       4
       5
       2
       2
       3
       6
       5
       4
       6
       2
       4
       4
       2
       3
       2
       2
       2
       3
       3
       2
       4
       6
       6
       7
       4
       0
       3
       2
       6
       6
       4
       4
       6
       3
       3
       4
       3
       3
       3
       5
       5
       5
       6
       3
       2
       2
       4
       5
       6
       0
       4
       6
       0
       2
       3
       6
       6
       4
       2
       5
       1
       5
       3
       4
       2
       5
       5
       5
       2
       7
       2
       6
       1
       2
       6
       2
       2
       6
       5
       1
       4
       2
       4
       6
       7
       6
       5
       3
       1
       6
       2
       5
       7
       6
       6
       3
       3
       9
       5
       1
       4
       3
       2
       5
      11
       3
       3
       1
       6
       0
       1
       5
       3
       4
       6
       3
       1
       0
       7
       3
       4
       5
       3
       3
       4
       4
       7
       6
       4
       3
       4
       3
       2
       4
       2
       5
       6
       5
       3
       2
       6
       5
       5
       4
       5
       2
       5
       2
       3
       4
       1
       3
       4
       6
       6
       6
       3
       6
       5
       5
       6
       7
       5
       1
       3
       5
       4
       4
       6
       2
       1
       2
       9
       5
       3
       3
       4
       3
       4
       5
       6
       6
       4
       2
       1
       6
       4
       7
       4
       2
       2
       5
       4
       2
       2
       3
       7
       6
       6
       3
       4
       5
       4
       4
       4
       6
       9
       4
       2
       4
       5
       4
       0
       3
       5
       1
       2
       6
       1
       5
       5
       3
       1
       6
       5
       5
       1
       6
       3
       3
       6
       2
       4
       3
       7
       2
       2
       2
       4
       6
       4
       6
       4
       2
       5
       2
       4
       3
       4
       2
       4
       6
       5
       5
       4
       1
       2
       8
       3
       5
       6
       2
       5
       4
       4
       9
       2
       2
       1
       4
       4
       4
       3
       1
       3
       1
       1
       2
       1
       2
       4
       2
       9
       3
       4
       4
       3
       3
       3
       8
       7
       4
       6
       3
       5
       1
       2
       9
       1
       2
       4
       7
       7
       1
       4
       5
       3
       2
       3
       5
       3
       2
       4
       2
       2
       3
       4
       4
       2
       4
       2
       8
       2
       2
       2
       1
       2
       2
       2
       0
       1
       7
       4
       9
       0
       3
       1
       3
       3
       5
       4
       4
       6
       3
       4
       6
       3
       2
       0
       4
       5
       3
       1
       6
       3
       3
       4
       5
       5
       2
       3
       5
       1
       3
       0
       1
       2
       5
       3
       0
       0
       0
       0
       0
       0
       0
       0
       0
       0
       0
       0
       0
       0
       0
       0
       0
       0
       0
       0
       0
       0
       0
       0
       0
       0
       0
       0
       0
       0
       0
       0
$ROI:
0
$PRESETS:
Real Time
900
0
$ENER_FIT:
35.084309 0.339215
$MCA_CAL:
3
3.508431E+001 3.392150E-001 1.737702E-003 KeV
$SHAPE_CAL:
3
0.000000E+000 0.000000E+000 0.000000E+000
