$SPEC_ID:
No sample description was entered.
$SPEC_REM:
DET# 1
DETDESC# TL-225B-01 MCB 132
AP# Maestro Version 6.08
$DATE_MEA:
02/22/2019 12:20:25
$MEAS_TIM:
271 300
$DATA:
0 2047
       0
       0
       8
       4
     155
   11120
   17735
    1553
    1731
    1833
    1892
    1905
    1872
    1992
    1961
    1950
    2043
    2086
    2141
    2191
    2163
    2169
    2140
    2208
    2234
    2180
    2361
    2376
    2344
    2320
    2448
    2522
    2541
    2534
    2544
    2749
    2726
    2795
    2748
    2837
    2931
    2960
    2975
    2971
    2987
    3026
    2977
    3105
    3096
    3109
    3142
    3111
    3122
    3143
    3110
    3153
    2942
    3097
    3116
    3120
    3129
    3105
    3066
    2998
    3090
    2959
    3081
    3065
    2939
    2947
    3022
    2999
    3000
    3021
    2921
    2846
    2851
    2907
    2963
    2916
    2890
    2892
    2815
    2771
    2880
    2890
    2814
    2890
    2802
    2861
    2872
    2841
    2777
    2871
    2795
    2806
    2803
    2816
    2781
    2776
    2711
    2721
    2715
    2730
    2783
    2807
    2662
    2781
    2709
    2741
    2848
    2880
    2833
    2902
    2853
    2876
    2930
    2903
    2972
    3047
    2992
    3060
    3105
    3179
    3190
    3256
    3297
    3475
    3426
    3458
    3473
    3602
    3608
    3626
    3570
    3482
    3577
    3473
    3397
    3444
    3340
    3422
    3195
    3152
    3263
    3070
    3033
    3123
    2954
    2961
    2832
    2913
    2914
    2872
    2732
    2789
    2711
    2689
    2659
    2609
    2643
    2526
    2521
    2587
    2567
    2534
    2436
    2471
    2449
    2574
    2513
    2423
    2476
    2358
    2418
    2325
    2349
    2334
    2354
    2349
    2283
    2399
    2331
    2295
    2186
    2299
    2213
    2155
    2270
    2224
    2267
    2134
    2174
    2217
    2158
    2123
    2091
    2150
    2148
    2170
    2107
    2119
    2144
    2150
    2050
    2122
    2088
    2093
    2013
    2019
    2138
    1976
    2001
    2132
    1993
    2015
    1976
    2037
    2011
    1901
    1928
    1953
    1948
    1905
    1933
    1932
    1899
    1911
    1865
    1905
    1913
    1909
    1870
    1838
    1907
    1929
    1864
    1878
    1883
    1856
    1828
    1840
    1891
    1905
    1840
    1873
    1851
    1771
    1783
    1805
    1810
    1830
    1763
    1904
    1889
    1906
    1824
    1787
    1792
    1775
    1852
    1775
    1823
    1811
    1930
    1812
    1817
    1869
    1865
    1847
    1854
    1714
    1826
    1787
    1833
    1775
    1746
    1810
    1798
    1852
    1793
    1834
    1848
    1812
    1752
    1774
    1853
    1920
    1893
    1884
    1820
    1843
    1894
    1817
    1811
    1766
    1856
    1807
    1840
    1806
    1841
    1847
    1837
    1872
    1792
    1877
    1801
    1778
    1805
    1781
    1754
    1742
    1817
    1749
    1827
    1798
    1739
    1768
    1816
    1748
    1758
    1767
    1830
    1764
    1803
    1705
    1716
    1812
    1764
    1773
    1807
    1712
    1712
    1754
    1792
    1810
    1770
    1900
    1746
    1816
    1718
    1726
    1724
    1754
    1833
    1802
    1757
    1780
    1751
    1806
    1852
    1803
    1798
    1790
    1812
    1811
    1834
    1832
    1810
    1779
    1889
    1804
    1885
    1886
    1783
    1880
    1830
    1876
    1780
    1905
    1877
    1822
    1877
    1941
    1769
    1859
    1928
    1894
    1862
    1878
    1913
    1820
    1958
    1919
    1946
    1904
    1867
    1985
    1895
    1868
    1858
    1839
    1848
    1902
    1881
    1839
    1895
    1911
    1935
    1841
    1836
    1881
    1936
    1878
    1905
    1859
    1870
    1926
    1786
    1881
    1886
    1822
    1858
    1918
    1901
    1846
    1953
    1862
    1872
    1912
    1889
    1874
    1970
    1980
    1848
    1948
    1885
    1853
    1948
    1920
    1946
    1993
    1941
    1887
    2025
    2028
    1906
    1960
    2005
    2027
    1993
    1898
    1982
    1922
    2044
    1954
    2047
    2000
    2036
    1941
    2063
    2072
    2013
    2057
    2133
    2083
    2049
    2067
    2094
    2134
    2095
    2079
    2108
    2077
    2078
    2166
    2151
    2082
    2144
    2194
    2157
    2208
    2199
    2218
    2164
    2251
    2223
    2257
    2194
    2145
    2241
    2267
    2225
    2168
    2134
    2221
    2195
    2191
    2215
    2256
    2337
    2287
    2161
    2274
    2212
    2157
    2271
    2269
    2271
    2315
    2246
    2261
    2334
    2268
    2284
    2237
    2237
    2262
    2322
    2311
    2334
    2136
    2221
    2246
    2263
    2208
    2201
    2254
    2140
    2240
    2181
    2229
    2184
    2250
    2184
    2109
    2122
    2178
    2182
    2231
    2074
    2049
    2085
    1925
    2007
    1999
    1925
    1990
    1904
    1929
    1915
    1881
    1831
    1873
    1828
    1856
    1787
    1737
    1706
    1755
    1764
    1641
    1702
    1715
    1640
    1662
    1585
    1609
    1574
    1604
    1653
    1522
    1554
    1531
    1516
    1563
    1570
    1487
    1480
    1537
    1487
    1537
    1519
    1471
    1492
    1438
    1511
    1464
    1451
    1455
    1494
    1405
    1434
    1474
    1492
    1431
    1463
    1517
    1490
    1393
    1423
    1468
    1454
    1411
    1365
    1525
    1454
    1408
    1383
    1396
    1391
    1399
    1425
    1465
    1417
    1457
    1464
    1418
    1449
    1421
    1488
    1516
    1559
    1496
    1573
    1538
    1623
    1610
    1669
    1662
    1737
    1763
    1833
    1834
    1940
    2084
    2181
    2217
    2273
    2356
    2498
    2599
    2785
    2878
    3111
    3212
    3416
    3668
    3772
    3938
    4311
    4518
    4611
    4779
    4992
    5297
    5511
    5658
    5791
    5990
    6275
    6513
    6693
    6699
    6864
    7051
    6952
    7091
    7290
    7206
    7312
    7243
    7257
    7054
    6917
    6762
    6628
    6619
    6260
    6148
    6144
    5715
    5521
    5210
    5034
    4776
    4514
    4175
    3977
    3719
    3456
    3458
    2962
    2938
    2577
    2475
    2200
    2027
    1928
    1866
    1586
    1505
    1418
    1352
    1315
    1219
    1205
    1051
    1086
    1043
    1122
    1112
    1054
    1031
    1071
    1100
    1129
    1178
    1224
    1392
    1418
    1464
    1623
    1591
    1711
    1829
    1912
    2044
    2249
    2306
    2542
    2714
    2809
    3022
    3128
    3375
    3456
    3567
    3779
    4065
    4227
    4407
    4535
    4700
    4959
    5052
    5111
    5290
    5518
    5532
    5558
    5626
    5756
    5853
    5857
    5982
    5846
    5899
    5850
    5774
    5634
    5701
    5393
    5267
    5236
    5065
    4934
    4599
    4632
    4391
    4131
    3990
    3839
    3599
    3377
    3192
    2966
    2837
    2638
    2331
    2272
    2097
    1984
    1802
    1724
    1510
    1411
    1373
    1234
    1099
    1001
     925
     843
     783
     690
     664
     607
     589
     553
     499
     475
     424
     443
     385
     382
     357
     329
     345
     318
     313
     302
     297
     289
     268
     319
     285
     302
     297
     261
     272
     260
     293
     288
     293
     263
     256
     265
     259
     205
     282
     226
     252
     243
     275
     258
     255
     260
     241
     232
     266
     232
     216
     246
     235
     244
     266
     254
     237
     227
     234
     257
     255
     196
     225
     205
     237
     250
     220
     210
     255
     234
     226
     225
     223
     231
     233
     193
     234
     211
     237
     230
     240
     227
     215
     256
     240
     244
     208
     219
     217
     242
     185
     209
     227
     215
     218
     211
     213
     217
     210
     210
     208
     215
     194
     209
     194
     243
     202
     196
     209
     198
     212
     196
     200
     207
     191
     202
     205
     211
     198
     169
     185
     209
     222
     199
     221
     203
     187
     193
     193
     199
     215
     161
     194
     186
     183
     180
     208
     203
     204
     190
     180
     221
     203
     185
     188
     193
     179
     210
     188
     196
     184
     188
     168
     182
     214
     160
     202
     195
     198
     183
     169
     192
     206
     170
     186
     166
     187
     161
     164
     196
     210
     193
     194
     174
     180
     205
     160
     173
     175
     194
     192
     192
     199
     182
     181
     180
     174
     184
     176
     171
     179
     190
     175
     177
     183
     177
     198
     200
     202
     180
     192
     167
     153
     174
     188
     151
     160
     172
     182
     170
     176
     166
     174
     166
     175
     168
     153
     165
     157
     157
     158
     170
     191
     165
     139
     179
     163
     187
     154
     155
     158
     174
     153
     166
     156
     156
     185
     180
     139
     151
     177
     160
     145
     156
     170
     150
     155
     157
     143
     156
     149
     167
     150
     174
     140
     162
     167
     157
     152
     175
     174
     144
     145
     164
     157
     170
     175
     151
     157
     137
     146
     148
     151
     160
     184
     161
     161
     154
     153
     133
     149
     143
     145
     132
     138
     157
     140
     136
     145
     143
     136
     138
     148
     147
     159
     160
     147
     164
     146
     156
     147
     156
     138
     161
     137
     149
     141
     141
     165
     157
     138
     130
     146
     160
     145
     148
     149
     128
     157
     146
     162
     140
     135
     155
     121
     144
     162
     137
     152
     129
     142
     156
     154
     145
     160
     160
     140
     150
     159
     147
     141
     151
     146
     154
     137
     139
     148
     151
     147
     158
     118
     152
     128
     150
     135
     155
     155
     138
     142
     154
     150
     135
     148
     132
     152
     157
     165
     136
     151
     128
     130
     126
     135
     144
     156
     149
     145
     138
     165
     129
     129
     148
     142
     161
     130
     137
     153
     125
     153
     143
     125
     139
     148
     116
     164
     148
     157
     141
     120
     141
     139
     138
     148
     149
     132
     136
     136
     155
     145
     139
     136
     139
     154
     155
     135
     159
     137
     139
     119
     147
     149
     127
     148
     137
     128
     150
     151
     170
     140
     142
     165
     132
     144
     140
     134
     161
     143
     159
     136
     162
     145
     147
     139
     127
     156
     152
     152
     154
     140
     130
     145
     147
     157
     148
     134
     140
     131
     146
     133
     143
     139
     146
     117
     134
     145
     123
     119
     135
     127
     123
     105
     125
     122
     105
     118
     119
     103
     128
     106
     118
     111
     103
     120
     101
     110
      98
      99
      88
      92
     116
      88
      87
      74
      91
     104
      84
      69
      64
      73
      85
      71
      78
      71
      78
      81
      59
      66
      65
      52
      61
      60
      60
      69
      46
      55
      61
      58
      56
      56
      37
      55
      50
      58
      56
      55
      47
      59
      53
      37
      58
      44
      45
      50
      47
      56
      44
      56
      54
      49
      42
      37
      54
      49
      36
      59
      50
      62
      49
      61
      60
      54
      67
      68
      81
      97
      82
      81
      64
      84
      81
      93
      88
      95
      91
      89
      96
     100
     132
     138
     133
     121
     146
     159
     127
     149
     154
     150
     178
     169
     195
     182
     192
     204
     186
     188
     222
     199
     227
     245
     237
     230
     232
     240
     227
     237
     250
     256
     239
     251
     217
     263
     263
     237
     243
     249
     242
     219
     217
     253
     236
     203
     227
     194
     206
     211
     220
     188
     181
     186
     151
     194
     171
     172
     139
     155
     139
     156
     138
     127
     134
     110
     124
     103
      99
      81
      86
      82
      73
      69
      72
      65
      68
      64
      53
      60
      40
      47
      36
      32
      46
      38
      21
      36
      27
      29
      22
      23
      25
      25
      28
      15
      24
      21
      20
      14
      18
      26
      18
      15
      14
      17
      11
      12
      11
      14
      11
      11
       9
      14
      22
      14
      11
      11
      19
      14
      11
      12
      10
      15
      14
      11
      19
       9
      13
      19
      12
      14
       8
      11
      10
      14
       8
      11
      14
      13
      12
       6
      13
       9
      10
       6
      16
      11
       2
       9
      13
       4
      16
       8
      11
       9
       9
      15
      11
       7
       8
       5
       7
      12
       5
       6
       9
       6
       5
       6
      10
       5
       6
       6
       9
       8
       8
       5
       9
       3
       4
       4
       5
       6
       8
       7
       3
       4
       4
      11
       3
       3
       7
       8
       9
       6
       6
       7
       2
       8
       4
       2
       2
       5
       3
       6
       4
       1
      10
       6
       7
       4
       4
       2
       7
       4
       5
       5
       6
       9
       5
       8
       3
       3
       7
       4
       5
       9
       5
       5
       4
       5
       6
       3
       5
       3
       5
       6
       5
       6
       5
       9
       5
       6
       7
       4
       4
       2
       2
       5
       3
       2
       4
       7
       7
       4
      10
      10
       7
       6
       4
       5
       6
       5
       4
       8
       3
       6
       3
       6
       9
       9
       3
       3
      11
       8
       4
       4
       4
       5
       6
      10
       2
       6
       3
       2
       1
       4
       4
       6
       3
       4
       2
       5
       6
       3
       1
       8
       6
       7
       5
       3
       6
       4
       3
       6
       8
       3
       3
       6
       5
       6
       4
       3
       9
       2
       7
       4
       2
       5
       5
       3
       4
       4
       1
       2
       6
       6
       3
       5
       6
       2
       1
       4
       2
       5
       1
       3
       5
       0
       4
       3
       1
       3
       5
       5
       3
       5
       7
       6
       3
       5
       7
       7
       4
       5
       3
       3
       5
       3
       4
       8
       7
       3
       6
       3
       7
       5
       2
       5
       4
       2
       0
       4
       4
       3
       6
       3
       1
       6
       2
       4
       7
       4
       5
       6
       3
       1
       5
       2
       6
       3
       7
       6
       3
       3
       1
       4
       1
       3
       3
       3
       7
       6
       7
       3
       4
       4
       2
       1
       5
       2
       6
       2
       6
       4
       3
       4
       4
       1
       0
       8
       3
       4
       2
       2
       0
       3
       3
       3
       3
       5
       5
       2
       3
       5
       6
       5
       3
       2
       1
       4
       3
       4
       5
       3
       3
       6
       3
       6
       2
       2
       4
       5
       2
       2
       2
       4
       4
       3
       1
       6
       3
       4
       1
       0
       4
       0
       4
       4
       6
       4
       8
       2
       1
       2
       2
       5
       1
       3
       1
       4
       5
       5
       1
       0
       2
       3
       2
       2
       3
       2
       3
       4
       2
       4
       5
       3
       4
       0
       0
       3
       5
       2
       5
       1
       2
       5
       2
       4
       1
       3
       9
       2
       4
       5
       2
       2
       6
       3
       0
       4
       3
       4
       3
       2
       1
       2
       5
       3
       4
       4
       3
       3
       1
       2
       1
       1
       2
       5
       2
       2
       2
       6
       5
       3
       4
       5
       5
       3
       3
       1
       5
       3
       2
       2
       0
       1
       2
       1
       1
       1
       4
       3
       1
       3
       0
       2
       2
       3
       3
       2
       3
       4
       1
       0
       4
       2
       4
       4
       2
       3
       2
       4
       3
       2
       0
       4
       1
       4
       5
       3
       4
       1
       1
       3
       1
       1
       0
       2
       2
       2
       1
       3
       0
       3
       3
       4
       1
       4
       1
       2
       4
       2
       2
       3
       4
       1
       2
       2
       3
       4
       0
       1
       6
       2
       1
       6
       1
       3
       3
       3
       8
       4
       2
       2
       4
       3
       0
       2
       4
       3
       0
       0
       2
       2
       5
       0
       3
       2
       3
       1
       2
       3
       0
       4
       0
       0
       2
       1
       0
       1
       3
       0
       3
       2
       2
       2
       4
       2
       0
       0
       0
       0
       0
       0
       0
       0
       0
       0
       0
       0
       0
       0
       0
       0
       0
       0
       0
       0
       0
       0
       0
       0
       0
       0
       0
       0
       0
       0
       0
       0
$ROI:
2
307 427
579 680
$PRESETS:
Real Time
300
0
$ENER_FIT:
35.084309 0.339215
$MCA_CAL:
3
3.508431E+001 3.392150E-001 1.737702E-003 KeV
$SHAPE_CAL:
3
0.000000E+000 0.000000E+000 0.000000E+000
