$SPEC_ID:
No sample description was entered.
$SPEC_REM:
DET# 1
DETDESC# TL-225B-01 MCB 132
AP# Maestro Version 6.08
$DATE_MEA:
02/22/2019 12:11:02
$MEAS_TIM:
277 300
$DATA:
0 2047
       0
       0
      12
       6
       8
     266
    5464
    2578
    3047
    3386
    3605
    3779
    3884
    4284
    4690
    5429
    7297
   10592
   16186
   21873
   24529
   22015
   16207
   11082
    7682
    5534
    4156
    3627
    3214
    3224
    3228
    3278
    3266
    3317
    3490
    3522
    3378
    3554
    3587
    3672
    3715
    3651
    3819
    3767
    3801
    3878
    3772
    3919
    3805
    3840
    3901
    3898
    3892
    3873
    3904
    3933
    3909
    3774
    3841
    3777
    3866
    3867
    3781
    3765
    3779
    3622
    3585
    3716
    3633
    3788
    3736
    3764
    3819
    3731
    3780
    3701
    3575
    3614
    3590
    3744
    3596
    3749
    3558
    3614
    3539
    3547
    3651
    3617
    3574
    3507
    3591
    3519
    3501
    3477
    3590
    3598
    3583
    3679
    3674
    3685
    3622
    3767
    3842
    3960
    4004
    4056
    4212
    4304
    4450
    4625
    4650
    4827
    4782
    5026
    4857
    4749
    4909
    4914
    4893
    4866
    4744
    4567
    4552
    4444
    4280
    4210
    4193
    4262
    4056
    3954
    4016
    3877
    3840
    3802
    3728
    3615
    3583
    3679
    3580
    3398
    3387
    3440
    3475
    3433
    3384
    3202
    3240
    3280
    3289
    3097
    3095
    3186
    3196
    3066
    3111
    3047
    3056
    3071
    2952
    2953
    3023
    2986
    2975
    2858
    2838
    2859
    2967
    2884
    2923
    2868
    2818
    2806
    2750
    2848
    2795
    2793
    2858
    2753
    2766
    2702
    2666
    2769
    2702
    2675
    2710
    2805
    2630
    2621
    2731
    2591
    2550
    2610
    2706
    2602
    2656
    2648
    2641
    2659
    2545
    2644
    2624
    2666
    2604
    2704
    2700
    2523
    2634
    2564
    2705
    2681
    2751
    2577
    2493
    2664
    2504
    2554
    2536
    2552
    2638
    2489
    2636
    2626
    2538
    2592
    2513
    2581
    2585
    2584
    2637
    2583
    2583
    2650
    2635
    2516
    2631
    2715
    2600
    2652
    2595
    2622
    2694
    2745
    2622
    2703
    2681
    2704
    2656
    2597
    2639
    2595
    2616
    2665
    2671
    2600
    2626
    2534
    2623
    2516
    2550
    2471
    2516
    2466
    2467
    2292
    2240
    2128
    2161
    1991
    1971
    1962
    1849
    1668
    1735
    1672
    1659
    1461
    1413
    1379
    1284
    1236
    1186
    1129
    1047
    1075
    1007
    1038
     939
     856
     880
     854
     800
     813
     772
     774
     757
     739
     698
     651
     665
     661
     628
     614
     619
     624
     573
     572
     536
     500
     553
     499
     520
     532
     524
     523
     488
     494
     510
     536
     457
     481
     425
     462
     459
     483
     460
     518
     491
     503
     511
     532
     529
     564
     602
     581
     583
     616
     653
     692
     761
     850
     792
     918
    1038
    1088
    1210
    1333
    1501
    1674
    1824
    2072
    2364
    2685
    3098
    3411
    3986
    4325
    5001
    5514
    6320
    7063
    7834
    8688
    9711
   10842
   11714
   12812
   13795
   14896
   16112
   17148
   18055
   18981
   20173
   20837
   21523
   22034
   22439
   22902
   23026
   22734
   22636
   22178
   21526
   20696
   20139
   19187
   18179
   16970
   15709
   14353
   13359
   12085
   10723
    9808
    8551
    7693
    6736
    5810
    4863
    4170
    3524
    2989
    2472
    2017
    1720
    1447
    1196
     979
     805
     656
     511
     450
     374
     364
     288
     244
     225
     226
     190
     164
     185
     183
     166
     152
     127
     156
     145
     129
     154
     140
     166
     158
     136
     135
     146
     128
     158
     136
     149
     124
     128
     126
     151
     129
     138
     132
     125
     123
     128
     128
     136
     143
     137
     151
     131
     115
     142
     124
     123
     126
     142
     121
     151
     128
     127
     128
     138
     126
     133
     116
     106
     120
     122
     111
     130
     124
      99
     141
     127
     126
      99
     124
      96
     121
     110
      90
     113
     101
     111
     116
     106
     126
     116
     117
     103
     115
     113
     102
     100
     131
     109
     117
      97
     118
     106
     105
     106
     100
     103
      90
     103
     106
      84
      83
     111
      87
     104
     105
      93
     104
      85
      94
      88
      92
     102
      98
      94
      86
      90
     116
     104
      86
     107
      96
     101
      96
      94
      81
      94
      94
      90
      95
      89
      92
      86
      86
      93
      68
      85
      94
      73
      82
     102
     104
      71
      91
      88
      94
      78
      80
      82
      79
      65
      71
      62
      78
      57
     102
      76
      85
      88
      78
     102
      83
      72
      71
      67
      71
      75
      71
      91
      73
      62
      84
      79
      62
      74
      64
      74
      71
      72
      72
      82
      61
      81
      63
      75
      49
      68
      66
      71
      72
      49
      75
      74
      79
      71
      60
      58
      68
      73
      68
      75
      65
      68
      63
      69
      63
      78
      71
      60
      66
      74
      67
      73
      59
      86
      60
      75
      63
      58
      58
      84
      62
      76
      68
      75
      63
      57
      75
      76
      58
      73
      59
      72
      54
      64
      74
      58
      57
      67
      60
      70
      66
      58
      75
      53
      58
      58
      48
      56
      50
      61
      59
      72
      61
      54
      57
      66
      48
      58
      55
      60
      70
      49
      48
      57
      55
      68
      44
      43
      49
      56
      47
      45
      46
      44
      48
      45
      55
      52
      45
      55
      40
      64
      40
      56
      38
      53
      52
      49
      60
      50
      46
      44
      58
      58
      59
      61
      53
      57
      61
      46
      50
      66
      63
      60
      52
      61
      62
      59
      59
      56
      52
      63
      81
      65
      65
      75
      70
      75
      69
      55
      61
      78
      60
      75
      69
      91
      85
      75
      78
      71
      68
      65
      56
      57
      59
      70
      69
      54
      68
      62
      69
      57
      78
      59
      61
      43
      65
      47
      49
      46
      39
      51
      34
      39
      48
      29
      44
      41
      34
      24
      38
      39
      35
      31
      34
      28
      21
      32
      24
      35
      20
      33
      28
      25
      27
      28
      24
      30
      41
      35
      26
      33
      37
      26
      28
      33
      41
      38
      36
      36
      39
      28
      38
      29
      20
      31
      34
      44
      36
      30
      25
      29
      31
      21
      25
      32
      39
      18
      28
      25
      23
      37
      19
      22
      15
      18
      25
      19
      19
      10
      11
      16
      19
      12
      16
      10
      13
      19
      19
       7
      16
      12
      11
       9
      10
      10
      10
       5
      14
       5
       6
      10
      15
       6
       4
       9
       7
      14
       8
      10
       6
       8
      13
       8
       6
       5
      12
      13
      11
       9
       9
       7
      11
       5
       4
       6
      12
       8
       6
      11
       4
       6
      12
       8
       6
       6
      10
       9
       6
       8
       7
       5
       9
       4
       5
       6
       8
       5
       4
       2
       3
       7
       6
       9
       5
       3
       6
       6
       4
      11
       7
       1
       6
      11
       7
      10
       4
       2
       9
       7
       7
       4
      11
       8
       8
       8
       3
       9
       8
      10
       5
       6
       3
       6
      10
       8
       5
       6
      10
       9
       5
      17
       6
       5
       9
       9
       9
       5
       8
       6
      12
       9
       8
      10
       7
       6
      12
       6
       7
       5
       6
       4
       8
      14
      16
       8
      12
       7
       6
      10
       9
       6
      11
       7
       9
      11
      16
       8
       9
       2
       7
       7
       2
       8
       9
       6
       6
       5
       7
       6
       5
       7
       5
       4
       5
       9
       8
       5
       5
       9
       8
       6
       5
       7
       8
       4
       3
       7
       6
       6
       6
       5
       3
       4
       3
      11
       4
       5
       5
       8
       5
       5
       5
       1
       5
       8
       3
       5
      11
       3
       4
       3
       8
       4
       8
       8
       6
       3
       6
       2
       6
       4
       3
       3
       5
       5
       4
       7
       1
       2
       5
       2
       6
       5
       3
       5
       1
       4
       4
       3
       4
       3
       2
       3
       5
       3
       7
       3
       5
       2
      12
       6
       2
       5
       2
       3
       3
       2
       5
       2
       3
       3
       1
       2
       2
       3
       4
       7
       3
       5
       6
       1
       4
       5
       4
       4
       1
       3
       5
       4
       2
       3
       5
       1
       1
       1
       2
       9
       7
       2
       4
       6
       3
       4
       1
       2
       1
       4
       2
       3
       2
       3
       2
       9
       3
       7
       1
       4
       2
       5
       7
       5
       7
       1
       3
       5
       6
       5
       2
       1
       4
       1
       2
       4
       4
       7
       5
       3
       2
       3
       4
       2
       4
       1
       5
       1
       3
       4
       6
       4
       6
       3
       5
       6
       5
       6
       5
       5
       5
       5
       3
       7
       2
       5
       6
       7
       1
       7
       3
       4
       8
       2
       5
       5
       4
       6
       2
       4
       7
       4
       4
       3
       6
       6
       6
       3
       5
       3
       4
       4
       7
       4
       0
       2
       4
       5
       5
       3
       7
       3
       5
       4
       5
       5
       3
       1
       2
       3
       1
       4
       3
       8
       0
       1
       5
       4
       4
       1
       4
       3
       4
       2
       5
       3
       1
       4
       2
       2
       2
       6
       1
       5
       3
       2
       1
       1
       2
       5
       2
       1
       2
       6
       1
       2
       0
       1
       1
       5
       3
       3
       1
       3
       1
       6
       3
       4
       1
       3
       1
       3
       1
       2
       1
       1
       2
       3
       3
       0
       2
       1
       4
       0
       5
       3
       1
       2
       0
       0
       2
       3
       1
       1
       3
       4
       0
       1
       1
       1
       2
       3
       1
       2
       2
       0
       2
       1
       0
       3
       2
       4
       7
       0
       2
       1
       0
       1
       1
       0
       1
       2
       2
       4
       4
       1
       2
       3
       1
       1
       4
       1
       0
       0
       1
       1
       2
       2
       2
       3
       3
       0
       0
       1
       3
       6
       3
       0
       2
       1
       2
       2
       3
       4
       2
       0
       3
       1
       0
       4
       1
       0
       1
       1
       4
       2
       2
       3
       2
       1
       1
       6
       4
       3
       5
       2
       2
       2
       3
       3
       4
       3
       3
       7
       4
       3
       6
       4
       4
       2
       4
       3
       2
       1
       9
       3
       5
       3
       4
       5
       2
       2
       5
       3
       4
       1
       9
       1
       6
       5
       3
       6
       1
       6
       3
       6
       3
       5
       2
       3
       1
       6
       8
       2
       4
       2
       1
       6
       5
       4
       3
       1
       3
       2
       4
       4
       1
       4
       1
       1
       2
       0
       3
       0
       1
       3
       0
       5
       0
       1
       2
       2
       2
       0
       0
       5
       0
       0
       2
       3
       1
       3
       0
       1
       1
       1
       3
       5
       0
       1
       0
       2
       1
       0
       4
       3
       2
       1
       0
       1
       2
       3
       1
       0
       3
       1
       1
       4
       1
       2
       3
       1
       1
       2
       1
       0
       1
       1
       3
       1
       2
       0
       1
       0
       1
       0
       1
       1
       1
       0
       1
       0
       0
       0
       2
       0
       0
       0
       0
       0
       0
       0
       0
       1
       1
       1
       2
       2
       0
       0
       1
       0
       0
       3
       0
       0
       0
       0
       0
       0
       1
       2
       1
       1
       0
       1
       1
       0
       2
       2
       1
       0
       1
       0
       3
       0
       0
       0
       0
       0
       1
       3
       0
       1
       1
       0
       1
       0
       0
       0
       1
       1
       1
       0
       1
       2
       1
       2
       0
       1
       0
       1
       0
       0
       0
       0
       0
       1
       1
       0
       0
       1
       0
       0
       2
       2
       0
       1
       0
       1
       0
       0
       1
       2
       0
       0
       0
       2
       0
       0
       0
       0
       1
       1
       1
       0
       1
       2
       0
       0
       1
       0
       2
       0
       1
       2
       0
       2
       1
       1
       0
       1
       3
       1
       0
       0
       1
       1
       2
       1
       2
       0
       0
       4
       2
       0
       0
       0
       0
       1
       1
       1
       1
       0
       0
       0
       0
       2
       0
       1
       1
       0
       1
       0
       1
       0
       2
       1
       1
       1
       1
       0
       0
       1
       0
       0
       0
       0
       1
       0
       0
       1
       1
       0
       0
       0
       2
       0
       0
       1
       1
       0
       1
       0
       1
       0
       0
       1
       1
       0
       1
       3
       1
       1
       1
       0
       0
       0
       0
       1
       2
       0
       0
       1
       0
       1
       1
       0
       1
       1
       0
       0
       1
       0
       0
       1
       0
       1
       1
       1
       0
       0
       0
       1
       0
       0
       0
       0
       0
       0
       1
       0
       1
       0
       0
       2
       0
       0
       1
       1
       1
       0
       1
       0
       1
       1
       1
       1
       2
       0
       0
       1
       1
       0
       1
       2
       3
       0
       1
       2
       0
       1
       1
       1
       1
       0
       1
       0
       0
       4
       3
       0
       1
       1
       0
       0
       2
       1
       1
       0
       1
       0
       2
       2
       1
       0
       0
       0
       0
       2
       0
       1
       1
       0
       1
       0
       1
       0
       0
       2
       1
       0
       1
       0
       2
       2
       3
       0
       0
       3
       0
       0
       1
       1
       1
       2
       1
       1
       0
       0
       1
       0
       2
       0
       1
       1
       1
       1
       0
       1
       0
       0
       0
       0
       0
       3
       2
       2
       2
       0
       1
       2
       1
       0
       0
       0
       1
       1
       0
       1
       1
       3
       0
       1
       1
       0
       0
       1
       1
       0
       3
       1
       0
       1
       1
       1
       0
       0
       2
       0
       2
       0
       1
       1
       3
       1
       1
       1
       0
       1
       0
       2
       1
       0
       2
       1
       0
       0
       0
       0
       2
       0
       1
       1
       0
       0
       2
       0
       1
       1
       0
       1
       1
       2
       1
       1
       2
       1
       1
       1
       1
       0
       2
       3
       0
       1
       1
       0
       0
       2
       0
       1
       1
       0
       0
       3
       0
       1
       1
       0
       1
       0
       3
       0
       1
       1
       0
       2
       0
       2
       0
       1
       0
       1
       3
       2
       0
       1
       0
       3
       1
       0
       0
       1
       0
       1
       1
       1
       1
       0
       0
       0
       0
       0
       0
       0
       1
       1
       0
       0
       0
       1
       1
       0
       0
       1
       0
       1
       1
       1
       1
       0
       0
       1
       1
       0
       1
       1
       3
       0
       0
       1
       0
       3
       0
       1
       0
       1
       2
       1
       1
       1
       1
       1
       0
       0
       0
       0
       0
       0
       0
       0
       0
       0
       0
       0
       0
       0
       0
       0
       0
       0
       0
       0
       0
       0
       0
       0
       0
       0
       0
       0
       0
       0
       0
       0
       0
$ROI:
2
307 427
579 680
$PRESETS:
Real Time
300
0
$ENER_FIT:
35.084309 0.339215
$MCA_CAL:
3
3.508431E+001 3.392150E-001 1.737702E-003 KeV
$SHAPE_CAL:
3
0.000000E+000 0.000000E+000 0.000000E+000
