$SPEC_ID:
No sample description was entered.
$SPEC_REM:
DET# 1
DETDESC# TL-225B-01 MCB 132
AP# Maestro Version 6.08
$DATE_MEA:
02/22/2019 12:41:36
$MEAS_TIM:
289 300
$DATA:
0 2047
       0
       0
       0
       0
       1
      83
    1787
     897
     996
     989
    1074
    1043
    1059
    1048
    1173
    1201
    1155
    1240
    1304
    1280
    1289
    1251
    1300
    1261
    1310
    1299
    1377
    1388
    1436
    1497
    1579
    1591
    1595
    1655
    1713
    1794
    1848
    1876
    2018
    2040
    2065
    2036
    2193
    2238
    2283
    2301
    2269
    2326
    2350
    2289
    2353
    2360
    2362
    2356
    2323
    2324
    2465
    2339
    2267
    2277
    2271
    2248
    2289
    2228
    2187
    2211
    2178
    2241
    2301
    2219
    2257
    2266
    2198
    2157
    2210
    2249
    2176
    2188
    2297
    2153
    2101
    2117
    2073
    2160
    1968
    2065
    2040
    2041
    2013
    1997
    2003
    1968
    1979
    1970
    1906
    1915
    1889
    1920
    1811
    1874
    1849
    1868
    1881
    1828
    1912
    1891
    1895
    1907
    1856
    1869
    1897
    1968
    1920
    2033
    2074
    2083
    2127
    2096
    2158
    2152
    2250
    2261
    2276
    2288
    2298
    2266
    2207
    2184
    2120
    2221
    2120
    2040
    1988
    2097
    1981
    1945
    1939
    1865
    1866
    1863
    1799
    1821
    1801
    1793
    1794
    1725
    1660
    1693
    1615
    1597
    1712
    1627
    1591
    1613
    1549
    1551
    1489
    1478
    1444
    1437
    1455
    1470
    1444
    1442
    1419
    1395
    1388
    1341
    1448
    1391
    1446
    1347
    1431
    1326
    1352
    1319
    1312
    1333
    1351
    1352
    1278
    1311
    1266
    1284
    1245
    1229
    1276
    1210
    1234
    1178
    1244
    1259
    1228
    1224
    1199
    1245
    1193
    1223
    1198
    1175
    1230
    1179
    1211
    1252
    1179
    1125
    1191
    1143
    1179
    1198
    1188
    1194
    1169
    1166
    1198
    1195
    1109
    1121
    1113
    1098
    1160
    1118
    1096
    1087
    1098
    1047
    1075
    1065
    1005
    1033
    1093
    1046
    1058
    1043
    1047
    1048
    1051
    1102
    1048
    1037
    1081
    1014
    1071
    1042
    1054
     984
     984
    1029
    1014
    1027
    1056
    1036
     979
     992
    1005
    1103
    1026
    1088
    1006
    1024
    1081
    1004
    1033
    1016
    1038
    1069
    1047
    1039
    1009
    1040
    1025
    1061
    1087
    1043
    1028
    1066
    1060
    1069
    1037
    1062
    1052
    1079
    1102
    1055
    1105
    1057
    1100
    1069
    1084
    1090
    1120
    1125
    1076
    1129
    1058
    1178
    1177
    1117
    1114
    1170
    1141
    1098
    1091
    1137
    1139
    1119
    1075
    1119
    1094
    1101
    1070
    1100
    1055
    1073
    1059
    1098
    1089
    1109
    1062
    1111
    1093
    1060
    1129
    1135
    1090
    1090
    1050
    1114
    1108
    1083
    1110
    1084
    1041
    1133
    1128
    1164
    1135
    1105
    1196
    1086
    1099
    1153
    1100
    1117
    1095
    1100
    1083
    1057
    1073
    1054
    1095
     977
     984
     985
     985
     999
     947
     904
     886
     949
     880
     838
     818
     815
     769
     777
     803
     687
     667
     624
     598
     620
     592
     654
     531
     569
     576
     449
     509
     493
     430
     480
     505
     451
     420
     412
     394
     399
     395
     370
     358
     356
     341
     352
     337
     338
     289
     322
     302
     302
     236
     270
     251
     242
     228
     226
     238
     239
     202
     191
     204
     210
     191
     233
     205
     222
     211
     201
     226
     180
     191
     186
     222
     192
     233
     215
     218
     226
     224
     250
     243
     224
     264
     294
     259
     298
     316
     345
     363
     381
     413
     476
     523
     548
     605
     635
     739
     778
     891
     991
    1071
    1197
    1310
    1423
    1658
    1844
    1895
    2168
    2470
    2725
    2895
    3172
    3462
    3793
    4122
    4357
    4678
    5270
    5483
    5650
    6031
    6290
    6572
    6924
    7071
    7291
    7417
    7567
    7571
    7513
    7594
    7645
    7534
    7239
    7038
    6814
    6745
    6288
    6040
    5671
    5395
    5058
    4668
    4331
    4032
    3631
    3257
    3036
    2742
    2529
    2119
    1847
    1593
    1496
    1359
    1060
     939
     830
     658
     614
     537
     439
     370
     309
     268
     237
     189
     187
     153
     134
     128
     125
     102
      97
      84
      90
      91
      74
      64
      99
      70
      86
      73
      64
      80
      61
      71
      76
      64
      56
      65
      68
      69
      60
      74
      64
      73
      60
      70
      56
      69
      63
      57
      62
      59
      67
      61
      67
      56
      63
      48
      41
      51
      42
      47
      60
      60
      61
      56
      60
      60
      65
      60
      44
      59
      62
      38
      54
      51
      42
      57
      48
      47
      56
      54
      42
      40
      52
      46
      57
      43
      45
      45
      40
      42
      50
      62
      45
      49
      38
      54
      50
      48
      41
      43
      51
      43
      49
      43
      48
      50
      47
      58
      53
      39
      52
      45
      56
      41
      42
      44
      47
      58
      53
      52
      60
      58
      53
      55
      58
      44
      59
      47
      55
      55
      55
      49
      67
      65
      44
      54
      45
      48
      46
      57
      60
      67
      72
      57
      64
      71
      51
      60
      61
      74
      55
      62
      60
      60
      43
      65
      59
      58
      53
      61
      57
      60
      74
      63
      67
      54
      66
      70
      62
      58
      47
      50
      56
      35
      54
      50
      46
      45
      46
      46
      66
      48
      33
      54
      57
      52
      49
      39
      52
      40
      43
      64
      43
      41
      43
      50
      42
      58
      52
      41
      41
      52
      46
      67
      44
      58
      48
      49
      47
      47
      40
      49
      55
      59
      55
      54
      55
      45
      48
      34
      46
      43
      47
      53
      50
      59
      55
      43
      44
      66
      47
      48
      62
      49
      51
      42
      48
      60
      47
      61
      47
      41
      56
      40
      44
      39
      40
      43
      54
      44
      58
      41
      42
      38
      41
      45
      32
      39
      39
      31
      16
      36
      39
      45
      29
      41
      35
      27
      30
      27
      28
      33
      21
      32
      22
      25
      27
      42
      36
      27
      34
      25
      26
      37
      20
      36
      18
      40
      38
      16
      23
      32
      32
      23
      39
      31
      26
      35
      33
      29
      41
      36
      42
      25
      37
      31
      35
      30
      41
      42
      39
      44
      42
      32
      31
      46
      35
      42
      30
      43
      28
      30
      31
      25
      43
      29
      45
      38
      28
      27
      25
      33
      27
      26
      19
      19
      19
      13
      22
      14
      13
      14
      16
      18
      20
      19
      12
      15
      14
      22
      13
      19
      12
      11
      12
      15
      12
      13
      15
      16
       9
      11
      11
       7
      11
      15
      12
      13
      14
       7
      10
      12
      11
      15
      11
      10
      10
       8
       8
       9
       8
      15
      11
      11
       7
      11
      10
      13
      12
       9
       9
      11
      16
       7
      11
       9
       9
      12
      12
      13
       8
      14
       9
      10
      13
      14
      19
       9
       9
      18
      11
       6
      16
       7
       7
      17
      12
      11
      18
       9
      11
      12
      13
      13
      23
      12
       9
       8
       9
       4
       6
      14
      15
      15
      16
       8
      15
      16
      14
       8
      10
      14
      15
      12
      16
      13
      21
      17
      10
       5
       8
      12
       6
      10
      13
      16
      12
      10
       9
      11
      10
      11
      14
      14
      12
      16
      12
       9
      13
      10
       6
      16
      12
       9
      13
       9
      11
      13
      10
      13
       6
       7
      12
       7
      10
       8
       4
      16
      14
      13
       9
       6
       4
       9
      12
      11
      11
       9
       9
       7
      10
       5
       9
       7
       3
       3
       5
       7
      10
       5
       9
       8
       5
       4
       5
       6
       9
       3
       6
       3
      11
       7
       4
       8
       3
       5
       3
       4
       1
       6
       5
      10
       5
       5
       9
       3
       6
       7
       2
       5
       7
       6
       4
       7
       6
       6
       3
       5
       5
       3
       4
       4
       1
       8
       5
       4
       4
       6
       4
       6
       1
       7
       7
       7
       2
      10
       5
       2
       5
       9
      10
       2
       3
       6
       6
       2
       7
       4
       5
       4
       6
       5
       4
       8
       7
       5
       2
       4
       4
       2
       6
       5
       6
       2
       2
       9
       3
       8
       2
       8
       4
       2
       3
       7
       6
       1
       4
       4
       4
       1
       6
       5
       6
       6
       3
       4
       3
       5
       3
       8
       7
       3
       3
       7
       6
       8
       4
       5
       3
       2
       6
       7
       3
       5
       4
       5
       2
       1
       5
       1
       6
       4
       4
       7
       1
       4
       4
       5
       7
       6
       6
      11
       8
       5
       5
       6
       2
       2
       7
       6
       5
       6
       3
       7
       9
       2
       5
       7
       8
       4
       1
       2
       5
       4
       3
      11
       3
       5
       6
       2
       7
       6
       6
       4
       5
       4
       3
       2
       4
       6
       5
       4
       3
       6
       8
       3
       7
      10
       4
      11
       4
       6
       2
       5
       3
       4
       7
      12
       3
       5
       4
       8
      10
       4
       4
       7
       5
       6
       5
       4
       8
       1
       0
       3
       9
       3
      13
       1
       0
       4
       6
       2
       4
       8
       8
       5
       4
       6
       3
       2
       5
       5
       8
       6
       5
       3
       3
       3
       4
       5
       5
       2
       2
       5
       4
       5
       3
       5
       4
       4
       0
       8
       5
       3
       2
       4
       4
       2
       4
       7
       3
       2
       5
       1
       3
       2
       9
       2
       1
       1
       5
       1
       0
       4
       4
       3
       2
       4
       4
       0
       3
       1
       3
       2
       3
       3
       2
       4
       1
       3
       2
       5
       4
       0
       1
       2
       1
       4
       2
       1
       2
       0
       2
       4
       5
       0
       4
       2
       0
       5
       2
       7
       3
       2
       1
       4
       3
       4
       3
       2
       0
       3
       4
       1
       1
       6
       1
       2
       1
       5
       1
       2
       2
       2
       4
       3
       1
       5
       2
       3
       3
       1
       2
       2
       3
       2
       2
       3
       3
       1
       4
       1
       2
       1
       0
       3
       1
       1
       0
       3
       3
       2
       3
       3
       4
       2
       3
       6
       5
       4
       3
       4
       3
       1
       3
       2
       2
       0
       2
       5
       3
       4
       2
       4
       3
       4
       3
       8
       5
       5
       0
       3
       8
       4
       5
       4
       6
       5
       1
       6
       2
       5
       3
       6
       4
       5
       5
       7
       8
       6
       2
       4
       1
       4
       5
       2
       6
       4
       0
       4
       4
       3
       2
       3
       5
       5
       4
       7
       5
       1
       4
       3
       2
       2
       3
       2
       3
       3
       1
       2
       5
       2
       2
       6
       3
       1
       3
       2
       2
       3
       3
       4
       5
       5
       2
       1
       2
       2
       3
       1
       2
       2
       4
       2
       0
       1
       1
       3
       2
       0
       0
       3
       0
       0
       0
       0
       0
       1
       0
       1
       2
       3
       1
       1
       1
       1
       1
       0
       4
       2
       0
       2
       0
       0
       0
       5
       1
       2
       0
       2
       1
       1
       1
       3
       0
       0
       0
       4
       2
       3
       0
       0
       0
       4
       1
       1
       1
       1
       3
       0
       0
       2
       2
       1
       0
       0
       2
       1
       2
       3
       2
       0
       3
       0
       4
       1
       0
       0
       2
       5
       1
       0
       1
       1
       2
       1
       0
       4
       2
       1
       1
       4
       1
       0
       2
       2
       1
       1
       1
       3
       1
       1
       1
       2
       0
       0
       2
       0
       0
       1
       1
       2
       3
       2
       0
       0
       1
       0
       0
       0
       2
       1
       0
       1
       0
       0
       0
       2
       2
       3
       2
       1
       1
       0
       3
       1
       1
       0
       1
       1
       0
       1
       0
       1
       1
       0
       1
       1
       2
       3
       1
       1
       1
       5
       3
       3
       3
       2
       0
       1
       0
       1
       0
       1
       1
       2
       2
       4
       1
       1
       0
       1
       2
       1
       1
       1
       3
       0
       1
       0
       1
       0
       0
       0
       1
       0
       1
       2
       0
       0
       1
       1
       0
       1
       1
       0
       2
       1
       1
       1
       2
       0
       0
       0
       3
       1
       4
       0
       2
       0
       0
       1
       2
       0
       1
       1
       0
       2
       1
       0
       2
       2
       2
       0
       1
       3
       0
       0
       1
       2
       1
       1
       1
       2
       1
       0
       1
       1
       2
       3
       1
       0
       0
       0
       3
       1
       1
       0
       1
       0
       0
       0
       1
       1
       0
       1
       1
       2
       2
       2
       2
       0
       2
       0
       1
       0
       0
       4
       1
       1
       1
       0
       2
       0
       2
       0
       0
       3
       1
       1
       0
       2
       1
       0
       2
       1
       1
       3
       1
       0
       1
       3
       0
       2
       1
       3
       0
       0
       3
       2
       1
       0
       1
       0
       2
       0
       0
       0
       2
       0
       1
       2
       1
       1
       1
       0
       0
       1
       2
       1
       1
       1
       1
       0
       1
       1
       1
       1
       0
       0
       0
       3
       0
       0
       1
       0
       0
       1
       1
       2
       1
       2
       2
       1
       0
       4
       2
       1
       2
       1
       1
       0
       1
       0
       0
       1
       2
       2
       3
       2
       0
       1
       2
       1
       4
       0
       3
       0
       3
       0
       2
       1
       0
       1
       1
       0
       1
       0
       4
       1
       2
       1
       1
       1
       2
       1
       2
       0
       4
       2
       2
       1
       0
       0
       3
       1
       0
       1
       1
       1
       0
       2
       0
       0
       0
       3
       0
       2
       0
       2
       3
       0
       1
       0
       1
       2
       1
       0
       1
       0
       2
       1
       1
       2
       1
       0
       1
       1
       0
       2
       2
       1
       1
       2
       2
       0
       1
       1
       1
       0
       1
       0
       1
       0
       1
       0
       2
       1
       1
       4
       1
       4
       1
       1
       1
       1
       2
       0
       0
       0
       2
       0
       0
       0
       2
       1
       1
       1
       2
       0
       0
       3
       1
       1
       1
       2
       1
       3
       1
       2
       2
       1
       1
       1
       2
       0
       0
       0
       2
       1
       1
       2
       0
       4
       0
       1
       0
       1
       0
       0
       1
       0
       0
       1
       2
       5
       2
       2
       0
       2
       1
       0
       2
       3
       0
       1
       3
       1
       0
       1
       3
       0
       1
       0
       0
       0
       1
       0
       2
       4
       2
       1
       0
       1
       3
       0
       0
       1
       0
       0
       1
       0
       0
       0
       0
       0
       0
       0
       0
       0
       0
       0
       0
       0
       0
       0
       0
       0
       0
       0
       0
       0
       0
       0
       0
       0
       0
       0
       0
       0
       0
       0
       0
$ROI:
2
450 512
714 776
$PRESETS:
Real Time
300
0
$ENER_FIT:
35.084309 0.339215
$MCA_CAL:
3
3.508431E+001 3.392150E-001 1.737702E-003 KeV
$SHAPE_CAL:
3
0.000000E+000 0.000000E+000 0.000000E+000
