$SPEC_ID:
No sample description was entered.
$SPEC_REM:
DET# 1
DETDESC# TL-225B-01 MCB 132
AP# Maestro Version 6.08
$DATE_MEA:
02/22/2019 12:48:55
$MEAS_TIM:
254 300
$DATA:
0 2047
       0
       0
       0
       0
     118
   10149
   21404
    3712
    4341
    4481
    4465
    4484
    4613
    4573
    4568
    4766
    4728
    4794
    4812
    4855
    4966
    4911
    4995
    4953
    4954
    4979
    4921
    5102
    5028
    5080
    5149
    5227
    5197
    5192
    5314
    5598
    5311
    5440
    5529
    5567
    5694
    5524
    5717
    5603
    5815
    5692
    5632
    5660
    5628
    5644
    5766
    5680
    5845
    5785
    5808
    5978
    5901
    5916
    5748
    5818
    5882
    5799
    5846
    5791
    5907
    5742
    5839
    5840
    5789
    5987
    5866
    5942
    5912
    5885
    5823
    5825
    6084
    5970
    5813
    5949
    5966
    5938
    5942
    5931
    5981
    5932
    6112
    6083
    6072
    6007
    6163
    6105
    6200
    6357
    6157
    6329
    6361
    6406
    6470
    6592
    6817
    6958
    7060
    7311
    7207
    7520
    7752
    7782
    7895
    7955
    7889
    8021
    7811
    7679
    7617
    7677
    7552
    7490
    7518
    7349
    7315
    7092
    7221
    7099
    6982
    6918
    6899
    6921
    6818
    6796
    6768
    6715
    6613
    6627
    6460
    6478
    6500
    6409
    6422
    6382
    6475
    6272
    6234
    6135
    6112
    6067
    6041
    6047
    6017
    5830
    5986
    5835
    5811
    5651
    5622
    5793
    5798
    5711
    5684
    5499
    5580
    5454
    5557
    5568
    5362
    5503
    5459
    5367
    5408
    5480
    5400
    5348
    5286
    5464
    5419
    5311
    5543
    5355
    5222
    5402
    5302
    5252
    5333
    5240
    5215
    5105
    5104
    5130
    5106
    4849
    4865
    4773
    4746
    4648
    4539
    4441
    4541
    4126
    4101
    3915
    3948
    3694
    3584
    3442
    3239
    3233
    3140
    3014
    2914
    3005
    2834
    2720
    2610
    2534
    2555
    2570
    2430
    2399
    2405
    2394
    2253
    2292
    2226
    2243
    2169
    2164
    1999
    2073
    2100
    2130
    2018
    2053
    1957
    2037
    1955
    1868
    1939
    1843
    1892
    1884
    1948
    1889
    2001
    1950
    1943
    1963
    1880
    1944
    1962
    1975
    2041
    2118
    2025
    2020
    2152
    2182
    2130
    2268
    2324
    2268
    2534
    2627
    2667
    2801
    2815
    3052
    3229
    3539
    3668
    3864
    4253
    4434
    4873
    5334
    5645
    6226
    6689
    7294
    7934
    8834
    9652
   10865
   12027
   13065
   14284
   15682
   17224
   18974
   20542
   22401
   24239
   25783
   27897
   29525
   31732
   33056
   34970
   36691
   37816
   38867
   39684
   40267
   40796
   40013
   40168
   39044
   38328
   36737
   35568
   33111
   31108
   29176
   27210
   24597
   22630
   20026
   17898
   15685
   13631
   12092
   10492
    9096
    7730
    6693
    5592
    4766
    4045
    3504
    3049
    2622
    2296
    2070
    1839
    1754
    1660
    1596
    1585
    1500
    1516
    1459
    1413
    1501
    1385
    1524
    1436
    1379
    1440
    1427
    1470
    1392
    1353
    1467
    1340
    1450
    1359
    1456
    1390
    1369
    1433
    1415
    1439
    1450
    1443
    1381
    1439
    1443
    1408
    1459
    1457
    1416
    1410
    1444
    1495
    1372
    1476
    1365
    1436
    1434
    1482
    1475
    1420
    1444
    1350
    1390
    1468
    1432
    1390
    1437
    1531
    1525
    1550
    1509
    1470
    1492
    1483
    1482
    1560
    1542
    1627
    1568
    1614
    1608
    1554
    1609
    1585
    1528
    1610
    1633
    1602
    1566
    1594
    1634
    1585
    1587
    1546
    1556
    1532
    1494
    1474
    1511
    1467
    1504
    1560
    1582
    1558
    1457
    1478
    1528
    1461
    1459
    1435
    1471
    1424
    1452
    1459
    1480
    1421
    1405
    1414
    1399
    1393
    1414
    1347
    1471
    1443
    1469
    1382
    1368
    1455
    1471
    1406
    1439
    1397
    1392
    1381
    1371
    1356
    1429
    1329
    1245
    1427
    1375
    1372
    1323
    1298
    1345
    1327
    1301
    1336
    1332
    1269
    1327
    1316
    1346
    1379
    1290
    1369
    1334
    1297
    1284
    1304
    1306
    1330
    1295
    1286
    1303
    1372
    1312
    1270
    1307
    1387
    1288
    1274
    1308
    1283
    1314
    1332
    1336
    1330
    1326
    1275
    1283
    1356
    1333
    1356
    1338
    1323
    1317
    1337
    1330
    1324
    1330
    1303
    1341
    1276
    1273
    1313
    1252
    1288
    1361
    1321
    1381
    1369
    1311
    1296
    1304
    1286
    1306
    1425
    1364
    1293
    1344
    1362
    1347
    1349
    1371
    1400
    1331
    1317
    1325
    1387
    1343
    1361
    1444
    1345
    1439
    1423
    1351
    1451
    1359
    1385
    1392
    1403
    1381
    1414
    1438
    1465
    1461
    1385
    1413
    1466
    1367
    1444
    1356
    1440
    1377
    1464
    1468
    1402
    1448
    1375
    1372
    1410
    1416
    1377
    1422
    1427
    1427
    1347
    1377
    1357
    1428
    1337
    1332
    1378
    1384
    1337
    1357
    1284
    1266
    1273
    1276
    1295
    1271
    1281
    1235
    1167
    1226
    1213
    1162
    1136
    1158
    1152
    1081
    1048
    1036
     980
     993
    1004
     970
     958
     898
     934
     866
     861
     901
     792
     796
     822
     763
     803
     744
     748
     712
     736
     676
     654
     674
     660
     664
     650
     645
     617
     615
     571
     563
     579
     604
     633
     570
     574
     578
     578
     551
     493
     576
     554
     534
     580
     575
     525
     520
     525
     570
     563
     551
     541
     561
     549
     557
     548
     528
     526
     579
     564
     537
     532
     592
     561
     570
     571
     611
     615
     653
     690
     674
     670
     780
     779
     784
     787
     813
     875
     901
     948
     982
    1018
    1116
    1183
    1172
    1294
    1402
    1373
    1536
    1684
    1685
    1796
    1998
    2050
    2162
    2343
    2490
    2574
    2607
    2914
    3113
    3209
    3328
    3510
    3751
    3897
    4094
    4247
    4209
    4475
    4503
    4814
    4766
    5020
    5184
    5125
    5200
    5332
    5288
    5372
    5427
    5366
    5234
    5259
    5210
    5228
    5093
    5067
    4848
    4787
    4619
    4507
    4279
    4296
    4156
    3896
    3740
    3526
    3409
    3183
    3043
    2818
    2743
    2592
    2349
    2264
    2089
    1944
    1822
    1726
    1572
    1511
    1448
    1322
    1239
    1150
    1059
    1044
     965
     945
     839
     812
     770
     727
     696
     691
     668
     644
     570
     566
     567
     552
     535
     553
     532
     529
     529
     490
     552
     514
     469
     517
     544
     506
     462
     503
     506
     490
     515
     479
     478
     485
     532
     510
     510
     505
     497
     513
     544
     507
     504
     494
     554
     529
     543
     473
     581
     479
     553
     499
     558
     513
     527
     542
     546
     552
     565
     564
     543
     517
     579
     547
     554
     562
     531
     524
     518
     536
     550
     522
     578
     549
     547
     598
     551
     557
     534
     539
     561
     502
     556
     546
     570
     536
     524
     551
     554
     526
     533
     532
     483
     534
     513
     493
     494
     523
     497
     480
     512
     498
     501
     495
     507
     528
     520
     456
     467
     466
     473
     474
     465
     487
     390
     469
     469
     458
     452
     451
     452
     396
     450
     434
     455
     411
     396
     391
     395
     371
     433
     381
     365
     379
     344
     378
     362
     378
     368
     344
     353
     333
     363
     327
     299
     327
     333
     305
     268
     302
     291
     290
     295
     271
     258
     244
     242
     251
     250
     257
     242
     208
     210
     227
     188
     209
     241
     221
     208
     210
     209
     193
     184
     187
     166
     177
     188
     177
     158
     169
     182
     167
     189
     151
     167
     177
     159
     170
     166
     173
     163
     166
     183
     193
     166
     186
     180
     175
     149
     188
     162
     195
     190
     186
     187
     212
     189
     224
     206
     209
     219
     251
     293
     287
     282
     273
     301
     326
     300
     344
     356
     364
     404
     422
     403
     440
     504
     462
     506
     524
     521
     614
     596
     655
     671
     690
     722
     735
     789
     786
     800
     839
     803
     819
     893
     931
     911
     922
     916
     975
    1028
    1026
    1009
     987
     964
    1001
     995
     922
    1026
     913
     952
     901
     946
     864
     896
     879
     844
     824
     810
     739
     731
     768
     652
     650
     599
     585
     540
     555
     548
     485
     452
     430
     404
     362
     354
     362
     282
     279
     264
     257
     237
     228
     235
     196
     194
     156
     150
     150
     138
     118
     105
     123
     108
      98
      88
      93
      86
      70
      65
      56
      68
      61
      65
      59
      50
      62
      52
      62
      54
      54
      46
      56
      40
      44
      59
      56
      48
      48
      54
      38
      48
      49
      44
      53
      47
      48
      44
      55
      53
      38
      42
      43
      44
      54
      45
      35
      48
      44
      57
      44
      59
      56
      60
      39
      43
      48
      44
      57
      37
      36
      51
      56
      39
      35
      47
      41
      56
      51
      45
      51
      48
      34
      44
      53
      36
      39
      26
      51
      39
      52
      38
      43
      52
      39
      35
      40
      33
      41
      43
      39
      35
      35
      43
      33
      24
      35
      38
      45
      43
      28
      35
      44
      30
      40
      39
      36
      36
      32
      29
      35
      31
      27
      34
      27
      26
      36
      36
      33
      38
      46
      29
      32
      37
      28
      30
      26
      36
      20
      24
      29
      30
      25
      31
      24
      24
      29
      19
      24
      24
      26
      23
      21
      24
      19
      23
      26
      29
      31
      23
      23
      26
      25
      28
      31
      25
      27
      35
      18
      26
      27
      18
      22
      27
      18
      26
      20
      20
      31
      27
      26
      22
      23
      20
      29
      31
      15
      22
      22
      21
      18
      26
      22
      27
      20
      25
      20
      31
      17
      24
      19
      30
      14
      23
      15
      18
      23
      24
      25
      19
      26
      19
      20
      27
      22
      34
      26
      26
      20
      21
      25
      22
      26
      19
      22
      12
      19
      27
      14
      18
      23
      16
      27
      16
      18
      19
      22
      22
      21
      24
      20
      26
      18
      22
      21
      26
      22
      23
      24
      23
      29
      24
      23
      13
      15
      23
      26
      20
      24
      20
      22
      17
      25
      18
      22
      18
      15
      23
      13
      15
      16
      17
      23
      23
      13
      25
      11
      17
      13
      17
      14
      15
      10
      18
      21
      16
      13
      16
      16
      14
      19
      10
      14
      13
      15
      14
      10
      15
      12
       8
       7
      13
       9
       8
      13
       5
      14
       9
       7
      10
      10
      15
       5
       7
      10
      15
      10
      15
      14
       4
       7
       7
       6
       9
       8
       6
       6
      13
       7
      11
      10
       5
      10
      13
      11
      10
       8
       7
      10
       7
       9
      11
      13
       9
      11
      17
      11
       7
      12
      10
       9
      12
      14
       9
      10
      17
       7
      12
      16
      15
       9
      12
       4
       8
       8
       6
      14
      13
      12
      10
      12
      10
      20
      14
      16
      10
      11
       5
      15
      17
      12
      12
       3
      12
       8
      15
      14
      10
      15
       9
      12
       6
       8
      15
       4
      14
       5
       6
       9
      10
      10
      13
      11
      11
      13
       8
      10
       5
      12
       9
       8
       6
       9
      15
      14
       7
      12
       8
      13
       6
       4
       3
       7
       7
       4
       6
       6
       9
       6
       8
       4
       7
       4
       9
       5
       9
      11
       5
       8
       5
       8
       2
       5
       3
       4
       4
       9
       2
       4
       3
       3
       4
       7
       5
       4
       3
       7
       6
       5
       5
      10
       2
       7
       7
       9
       7
       5
       8
       1
       6
       6
       4
       9
       7
       2
       2
       6
       2
       2
       8
       6
       2
       9
       4
       6
       5
       8
       8
       2
       6
       5
       6
       2
       6
       5
       6
       4
       4
       2
       5
       6
       4
       0
       4
       5
       6
       6
       4
       4
       7
       5
       6
       8
       1
       7
       4
       3
       5
       3
       7
       0
       6
       6
       3
       3
       8
       0
       3
       4
       8
       4
       5
       7
       3
       4
       4
       5
      10
       3
       3
       2
       6
       6
       4
       1
       3
       2
       5
       3
       4
       6
       4
       6
       1
       2
       8
       3
       7
       5
       3
       6
       2
       1
       1
       3
       5
       3
       4
       7
       1
       4
       7
       6
       1
       3
       5
       7
       4
       5
       5
       2
       1
       3
       2
       1
       4
       5
       1
       1
       2
       2
       1
       1
       2
       2
       3
       3
       5
       3
       2
       5
       5
       1
       4
       4
       5
       2
       3
       3
       3
       1
       2
       3
       5
       4
       3
       5
       2
       5
       1
       5
       1
       2
       2
       4
       5
       2
       4
       1
       1
       1
       4
       0
       2
       4
       2
       1
       1
       2
       5
       5
       1
       5
       6
       4
       2
       3
       6
       5
       4
       5
       7
       2
       2
       2
       2
       6
       1
       2
       2
       0
       3
       0
       4
       2
       2
       3
       2
       1
       4
       0
       0
       4
       0
       4
       1
       2
       1
       1
       3
       2
       3
       1
       1
       2
       3
       5
       3
       4
       3
       3
       0
       3
       0
       1
       4
       4
       0
       3
       3
       3
       3
       3
       4
       1
       5
       1
       2
       1
       1
       3
       4
       0
       1
       1
       1
       3
       3
       1
       2
       1
       1
       2
       0
       4
       2
       2
       2
       1
       1
       0
       1
       1
       1
       3
       3
       2
       0
       3
       3
       1
       3
       1
       1
       1
       1
       5
       1
       3
       2
       1
       1
       0
       2
       1
       1
       0
       1
       0
       0
       0
       1
       4
       0
       1
       1
       1
       1
       3
       1
       2
       3
       2
       0
       1
       2
       0
       2
       3
       2
       1
       2
       2
       1
       4
       5
       1
       3
       0
       1
       1
       4
       3
       2
       4
       1
       3
       4
       1
       2
       2
       0
       0
       1
       3
       1
       4
       3
       2
       3
       3
       1
       1
       1
       0
       0
       1
       1
       3
       2
       2
       1
       1
       0
       2
       3
       2
       0
       1
       1
       2
       1
       1
       2
       2
       1
       0
       0
       1
       2
       1
       3
       1
       1
       1
       1
       1
       0
       2
       2
       2
       1
       3
       3
       3
       2
       4
       1
       2
       0
       3
       0
       4
       1
       1
       1
       5
       2
       2
       1
       1
       1
       0
       1
       3
       1
       1
       2
       1
       1
       1
       0
       0
       2
       0
       3
       0
       1
       2
       0
       0
       1
       3
       1
       2
       1
       0
       2
       0
       0
       0
       2
       1
       1
       2
       1
       0
       0
       0
       0
       3
       1
       0
       3
       2
       0
       4
       2
       7
       3
       2
       1
       2
       1
       1
       4
       1
       5
       1
       0
       3
       1
       1
       1
       3
       0
       0
       0
       2
       0
       4
       1
       1
       0
       0
       2
       2
       3
       0
       2
       3
       4
       3
       0
       0
       1
       3
       1
       2
       2
       3
       1
       0
       1
       0
       0
       0
       0
       0
       0
       0
       0
       0
       0
       0
       0
       0
       0
       0
       0
       0
       0
       0
       0
       0
       0
       0
       0
       0
       0
       0
       0
       0
       0
       0
       0
$ROI:
1
263 332
$PRESETS:
Real Time
300
0
$ENER_FIT:
35.084309 0.339215
$MCA_CAL:
3
3.508431E+001 3.392150E-001 1.737702E-003 KeV
$SHAPE_CAL:
3
0.000000E+000 0.000000E+000 0.000000E+000
